   0.885775   0.414294   0.564541
    0.88553   0.437762   0.585889
   0.885399   0.449838   0.596577
   0.885157   0.464625   0.609382
   0.884975   0.472931   0.616438
   0.884609    0.48387   0.625565
   0.884333     0.4905   0.631008
   0.883972   0.499682   0.638461
   0.883676   0.505371   0.643008
   0.883186    0.51328   0.649241
   0.882697    0.52077   0.655066
   0.882295   0.525569   0.658738
   0.881671   0.532567   0.664031
   0.881227   0.537058   0.667384
   0.880436   0.543566   0.672155
   0.879916   0.547757   0.675197
   0.879141   0.553884     0.6796
   0.878669   0.557869    0.68245
   0.877926   0.563731    0.68659
   0.877395   0.567567   0.689264
   0.876547   0.573228   0.693158
   0.875586   0.578775   0.696894
    0.87489   0.582474   0.699346
    0.87377    0.58801   0.702959
   0.872975   0.591713   0.705339
   0.871679   0.597263   0.708839
   0.870784   0.600991    0.71116
   0.869301   0.606604   0.714574
   0.868215   0.610362   0.716805
   0.866451   0.616035   0.720093
   0.864471   0.621795   0.723321
   0.863119   0.625634   0.725435
   0.860902   0.631471   0.728551
   0.859263   0.635486   0.730624
   0.856654   0.641607   0.733698
   0.854725    0.64582    0.73573
   0.851453   0.652248   0.738655
   0.849109   0.656624   0.740563
    0.84517   0.663347   0.743301
   0.842186   0.667847   0.744953
   0.837395   0.674828   0.747373
   0.832041   0.682039   0.749609
   0.828024   0.686698   0.750768
   0.821485   0.693355   0.752001
   0.817031   0.697673   0.752649
   0.809864     0.7039   0.753173
   0.804936   0.707974   0.753347
    0.79755   0.714191   0.753572
   0.792482   0.718201   0.753515
   0.784693   0.724312   0.753295
   0.776571   0.730559   0.752862
   0.770991    0.73466   0.752387
   0.762336   0.741022   0.751528
   0.756214   0.745337   0.750736
   0.746643   0.751949   0.749287
   0.739967   0.756517   0.748151
   0.729345   0.763465   0.746015
    0.72172   0.768221   0.744245
   0.709816   0.775528   0.741219
   0.701398   0.780581   0.738874
   0.687798   0.788273   0.734616
   0.672897   0.796039   0.729306
   0.662342   0.801423   0.725275
   0.645169   0.809447   0.718031
   0.632972   0.814995   0.712542
    0.61295   0.823552   0.702813
   0.598602   0.829299   0.695314
   0.575546   0.838001   0.682408
   0.558947   0.843913   0.672487
   0.532244   0.853067   0.655506
    0.50302   0.861916   0.635284
   0.482456   0.868078   0.620213
   0.449201   0.877327   0.594177
   0.425718   0.883579   0.574592
   0.388636   0.893316   0.541635
   0.362611   0.899626   0.516883
   0.321757   0.909178   0.475304
   0.293818   0.915633   0.444879
   0.251249   0.924302     0.3951
   0.222758   0.929824   0.359412
   0.180704   0.937697   0.303014
   0.140842   0.944756   0.245139
   0.115957   0.949013   0.206663
  0.0828599   0.955531   0.152496
  0.0636762   0.960377   0.119434
  0.0398394   0.969295  0.0765332
  0.0278699   0.975684  0.0541918
  0.0145607   0.983431  0.0286965
 0.00862198   0.987327  0.0170947
 0.00340542   0.995529 0.00678763
 0.000956098          1 0.00191037
 0.000293007          1 0.000585843
 1.28959e-05          1 2.57915e-05
          0          0          0
