   0.89241   0.398383   0.550857
  0.892292   0.418744   0.569995
  0.892187   0.429978   0.580292
  0.892019    0.44416   0.593033
  0.891899   0.452299   0.600217
  0.891675   0.463118   0.609614
  0.891478   0.469673   0.615219
  0.891214   0.478562   0.622731
  0.891007   0.484035   0.627295
   0.89063    0.49172   0.633618
  0.890198   0.498953   0.639479
  0.889871   0.503578    0.64318
  0.889381   0.510293   0.648501
  0.889001   0.514576   0.651847
  0.888361   0.520801   0.656645
  0.887918   0.524816   0.659704
  0.887302   0.530675   0.664142
  0.886911   0.534519   0.667034
  0.886291   0.540255   0.671304
  0.885833   0.544014   0.674066
  0.885152   0.549692   0.678208
  0.884363   0.555287   0.682215
  0.883784   0.558967   0.684812
  0.882855   0.564515   0.688676
  0.882136   0.568226   0.691211
  0.880941   0.573848   0.694982
  0.880058   0.577628    0.69747
  0.878621   0.583319   0.701146
  0.877578   0.587101   0.703536
  0.875847   0.592866   0.707095
  0.873985   0.598724    0.71063
  0.872667   0.602707   0.712988
  0.870403   0.608703   0.716402
  0.868835   0.612819   0.718709
  0.866363   0.619028   0.722103
  0.864557   0.623194   0.724297
  0.861551   0.629523   0.727484
  0.859224   0.633781   0.729482
  0.855464   0.640451   0.732505
   0.85255   0.645006   0.734396
  0.847681   0.651894   0.737006
  0.842083   0.658773   0.739234
  0.838034    0.66331   0.740505
  0.831427   0.670104   0.742099
  0.826733   0.674606   0.742962
  0.819309   0.681079   0.743826
  0.814108   0.685414   0.744238
  0.806203   0.692059   0.744783
  0.800697   0.696427   0.744931
  0.792226   0.703175   0.745049
  0.783361   0.710063   0.744913
  0.777148   0.714762   0.744651
  0.767255   0.721893   0.743883
  0.760335   0.726608   0.743089
  0.749437    0.73399   0.741633
  0.741728   0.739054   0.740389
  0.729376   0.746729    0.73795
  0.720643   0.752021   0.735998
  0.706704   0.760157   0.732456
  0.696839    0.76575   0.729671
   0.68102    0.77427   0.724657
  0.664057   0.783146   0.718702
  0.651823   0.789275   0.713994
  0.632111   0.798623   0.705677
  0.618128    0.80493   0.699268
  0.595533   0.814451   0.687997
  0.579461   0.821028   0.679411
  0.553632   0.831123   0.664574
  0.535004   0.837649   0.652963
  0.505504   0.847806   0.633365
  0.473675   0.858119   0.610409
  0.451404   0.865291   0.593298
   0.41581   0.875531   0.563839
  0.390632   0.882397   0.541531
  0.351379   0.892563   0.504248
  0.324316   0.899128    0.47669
  0.282707   0.908598   0.431236
  0.254473   0.914622   0.398165
  0.212598   0.923425   0.345624
  0.185472   0.929712    0.30925
  0.145906   0.937664   0.252518
   0.10934   0.945537   0.196013
 0.0875082    0.95096   0.160268
 0.0594946   0.959976   0.112045
 0.0441383   0.965481  0.0844173
 0.0260771   0.973815   0.050794
 0.0171294   0.978449  0.0336693
0.00814213   0.985123  0.0161508
0.00447849   0.990909 0.00891667
0.00151332   0.996052 0.00302205
0.000324498          1 0.000648785
8.30738e-05          1 0.000166134
2.39924e-06          1 4.79847e-06
         0          0          0
