  0.888206   0.391703   0.543653
  0.888067   0.411869   0.562747
  0.887955   0.423641   0.573613
  0.887754   0.438894    0.58739
  0.887599   0.447701    0.59519
   0.88737   0.459459   0.605437
  0.887187   0.466544   0.611513
  0.886879   0.476428   0.619866
  0.886618   0.482493   0.624912
  0.886188   0.491053   0.631938
  0.885721   0.499121   0.638459
  0.885346   0.504204   0.642503
  0.884787   0.511541   0.648278
  0.884341   0.516256   0.651931
  0.883614    0.52312   0.657177
  0.883113   0.527593   0.660555
  0.882403   0.534184   0.665495
  0.881969   0.538462    0.66868
  0.881217   0.544672   0.673228
   0.88068   0.548704   0.676141
   0.87984    0.55473   0.680446
  0.878952   0.560675    0.68463
  0.878271    0.56467   0.687392
  0.877213   0.570595   0.691436
  0.876451   0.574435   0.694009
  0.875272    0.58027   0.697876
  0.874416   0.584161   0.700409
   0.87293   0.589905   0.704038
  0.871863   0.593777   0.706439
  0.870177    0.59954   0.709941
  0.868367   0.605288   0.713345
  0.867042   0.609249   0.715638
  0.864906   0.615185   0.718979
  0.863328   0.619179    0.72115
  0.860791   0.625335   0.724411
   0.85897   0.629459    0.72652
  0.855933   0.635766   0.729602
  0.853703   0.640095   0.731627
  0.849911   0.646682   0.734498
  0.847003   0.651184   0.736297
  0.841919   0.657995    0.73868
  0.836275   0.664966   0.740847
  0.832227   0.669768   0.742211
  0.825555   0.676726   0.743768
  0.820761   0.681291   0.744551
  0.813219   0.687841   0.745294
  0.808041   0.692209   0.745653
  0.799927   0.698732   0.745913
  0.794397   0.703175   0.746008
  0.785767   0.709934   0.745928
  0.776738   0.716664   0.745493
  0.770459   0.721286   0.745062
  0.760616   0.728355   0.744136
  0.753705   0.733168   0.743295
  0.742839   0.740607   0.741721
   0.73524   0.745627   0.740397
  0.722931    0.75317   0.737741
  0.714135   0.758282   0.735547
  0.700436   0.766408   0.731938
  0.690499   0.771826   0.728901
  0.674885   0.780271   0.723762
  0.657996   0.788861    0.71751
  0.645962    0.79475   0.712673
  0.626608   0.803959    0.70429
  0.612755    0.81017   0.697768
  0.590768   0.819717   0.686661
  0.574851   0.826268   0.678003
  0.549443   0.836262   0.663169
  0.531182    0.84278   0.651648
  0.501719   0.852626   0.631713
  0.470122    0.86264    0.60858
  0.447752   0.869246   0.591051
  0.412136   0.879102   0.561182
  0.387392   0.885819   0.539045
  0.348641   0.896029   0.501969
  0.321918   0.903012   0.474632
  0.281087   0.912683   0.429803
  0.253395   0.918704   0.397227
  0.211815   0.927915   0.344899
  0.184544    0.93351   0.308167
  0.145264   0.941949    0.25171
  0.109091   0.949744   0.195703
 0.0873156   0.954621   0.159997
 0.0592007   0.961103   0.111531
 0.0438264   0.966456  0.0838503
 0.0257256   0.975593  0.0501293
 0.0168277   0.981888  0.0330883
0.00785272   0.989831  0.0155818
0.00418998   0.992047 0.00834471
0.00132918     0.9973 0.00265482
0.000275313          1 0.000550475
8.51731e-05          1 0.000170332
5.09839e-06          1 1.01967e-05
         0          0          0
