  0.892576   0.410566   0.562427
  0.892426   0.431703   0.581912
   0.89231   0.442882   0.591957
  0.892163   0.456703   0.604142
   0.89204   0.464449   0.610852
  0.891817   0.474687   0.619587
  0.891652    0.48092   0.624831
  0.891371   0.489493   0.631952
  0.891151   0.494804   0.636305
  0.890706   0.502219   0.642288
  0.890239   0.509215   0.647857
   0.88992   0.513707   0.651396
  0.889385   0.520152   0.656407
  0.888945   0.524336   0.659608
  0.888257   0.530465   0.664245
  0.887759   0.534402   0.667182
  0.887085   0.540204   0.671492
   0.88664   0.543994   0.674284
  0.885945   0.549572   0.678348
  0.885484   0.553287   0.681035
  0.884704   0.558768   0.684938
   0.88385   0.564313   0.688828
  0.883253   0.567948   0.691347
  0.882299   0.573356   0.695043
  0.881544   0.577024   0.697495
  0.880359   0.582621   0.701193
  0.879483   0.586308   0.703577
  0.878052   0.591958   0.707165
  0.877075   0.595833   0.709603
  0.875403   0.601614   0.713133
  0.873585   0.607401   0.716572
  0.872231   0.611363   0.718862
  0.870052   0.617342   0.722229
  0.868467   0.621413   0.724457
  0.865951     0.6277   0.727824
  0.864078    0.63192   0.729985
  0.860956   0.638324    0.73311
  0.858607   0.642688    0.73512
  0.854731   0.649427   0.738068
  0.851866   0.654016   0.739944
  0.847063    0.66087   0.742471
  0.841624   0.667665   0.744619
  0.837687   0.672146   0.745841
  0.831257   0.678817   0.747343
  0.826745   0.683209   0.748155
  0.819606   0.689451   0.748916
  0.814659    0.69362   0.749283
  0.806934    0.69992   0.749627
  0.801549   0.704156   0.749703
  0.793309   0.710698   0.749734
  0.784803   0.717407   0.749593
  0.778896   0.721837   0.749282
   0.76957   0.728595   0.748522
  0.763115   0.733249   0.747884
  0.752838   0.740292   0.746512
  0.745502   0.745231   0.745366
  0.733821   0.752783   0.743181
  0.725653   0.757977   0.741463
  0.712612   0.765909     0.7383
  0.703425    0.77142   0.735855
   0.68869   0.779854   0.731442
  0.672421   0.788135   0.725694
  0.660901   0.793835   0.721294
  0.642201   0.802811    0.71358
  0.628843   0.808895   0.707594
  0.607335   0.818238   0.697186
  0.591918   0.824686   0.689178
  0.566948    0.83445   0.675168
  0.549281   0.841238   0.664609
  0.520494   0.851242   0.645994
  0.489542   0.861548   0.624331
  0.467521   0.868333   0.607797
  0.432602   0.878553   0.579739
  0.407876   0.885217   0.558442
  0.369115   0.894536   0.522592
  0.342113   0.901045   0.495929
  0.300316   0.910244   0.451627
  0.271812   0.916304   0.419256
  0.229107   0.925294   0.367275
  0.201245   0.931352   0.330973
  0.160665   0.939558   0.274407
  0.122301   0.946978   0.216626
 0.0989124   0.951819   0.179202
 0.0686294   0.958528   0.128088
 0.0518215    0.96286  0.0983498
  0.031682    0.96937  0.0613586
 0.0217266   0.974024  0.0425052
 0.0112156   0.984442  0.0221784
0.00680665   0.991048  0.0135204
0.00269435   0.995347 0.00537415
0.000861028   0.998956 0.00172057
0.000304104          1 0.000608023
3.29896e-05          1 6.5977e-05
1.79943e-06          1 3.59886e-06
         0          0          0
