  0.893563     0.4302   0.580785
  0.893306   0.453055   0.601201
  0.893128    0.46382   0.610562
  0.892802    0.47687   0.621682
  0.892614   0.484093   0.627742
  0.892291   0.493551   0.635558
  0.892041   0.499228    0.64018
  0.891604   0.506939   0.646371
  0.891261   0.511689   0.650128
  0.890727    0.51842   0.655391
  0.890197   0.524837    0.66035
  0.889807   0.528926   0.663468
  0.889198   0.534946   0.668013
  0.888749   0.538875    0.67094
   0.88803   0.544594   0.675147
  0.887489    0.54836   0.677876
  0.886715   0.553889   0.681855
  0.886221   0.557529   0.684459
   0.88543    0.56287    0.68823
  0.884907    0.56648   0.690763
  0.884025   0.571948   0.694541
  0.883044   0.577368   0.698215
   0.88238   0.580978    0.70064
  0.881298   0.586453   0.704261
  0.880466   0.590167   0.706665
  0.879122   0.595681   0.710164
  0.878155   0.599408   0.712489
  0.876575   0.605122   0.715982
  0.875489   0.609001   0.718326
  0.873652   0.614854   0.721755
  0.871586   0.620758   0.725093
  0.870209   0.624735   0.727319
  0.867856   0.630807   0.730584
  0.866227   0.634889   0.732732
  0.863588   0.641163   0.735936
  0.861608   0.645491   0.738054
  0.858413   0.652019   0.741115
  0.856057   0.656434   0.743072
  0.852186   0.663282    0.74596
  0.849283   0.667931   0.747769
  0.844415   0.674799   0.750138
  0.838891   0.681593   0.752106
  0.834865   0.686006    0.75315
  0.828564   0.692421   0.754399
  0.823945     0.6965   0.754881
  0.817104   0.702459   0.755457
  0.812498   0.706368   0.755725
  0.805614   0.712262   0.756068
  0.800833   0.716214   0.756164
  0.793516   0.722175   0.756166
   0.78599   0.728162   0.755972
  0.780723   0.732266   0.755719
  0.772566    0.73852   0.755159
  0.766962   0.742777   0.754676
  0.758182   0.749306   0.753718
  0.751941   0.753875   0.752907
  0.741896   0.760663   0.751162
  0.734873   0.765396   0.749824
  0.723714   0.772568   0.747343
  0.715755   0.777465   0.745335
  0.702849   0.784941    0.74163
  0.688891   0.792721   0.737168
  0.678909   0.798091   0.733691
  0.662724   0.806343   0.727513
  0.651132   0.811922   0.722692
   0.63254    0.82057    0.71439
  0.618945   0.826353   0.707767
  0.597039   0.835283   0.696347
  0.581075     0.8415    0.68745
  0.554941   0.850754   0.671722
  0.526666    0.86011   0.653301
  0.506461   0.866644   0.639313
  0.473904   0.876128   0.615097
  0.450779   0.882575    0.59676
  0.413943   0.892522   0.565577
  0.387929   0.899108   0.542005
   0.34709   0.908798   0.502329
  0.318872   0.915039   0.472936
  0.275422   0.924161   0.424371
  0.245862   0.929897     0.3889
  0.201914   0.937597   0.332272
  0.158796   0.944866   0.271896
  0.131917   0.949751   0.231658
 0.0950475   0.956619   0.172915
 0.0738529   0.961393   0.137169
 0.0475305   0.970859  0.0906243
 0.0334035   0.977764     0.0646
 0.0179952   0.986875  0.0353459
 0.0110839   0.992108  0.0219229
 0.0047595   0.997862 0.00947381
0.00174545   0.999313 0.00348481
0.000775555          1 0.00154991
0.000155351          1 0.000310654
4.28865e-05          1 8.57692e-05
         0          0          0
