   0.89233   0.383757     0.5367
  0.892196   0.400604   0.552935
  0.892103    0.41133    0.56305
  0.891926   0.425624   0.576259
  0.891789    0.43408    0.58393
  0.891571   0.445785    0.59438
  0.891428   0.452937   0.600671
  0.891114   0.462881   0.609278
  0.890884   0.469073   0.614563
  0.890541   0.477711   0.621846
  0.890096   0.485748   0.628505
  0.889784   0.490878   0.632704
  0.889226   0.498265   0.638664
   0.88881   0.502984   0.642418
  0.888117   0.509758   0.647733
  0.887691   0.514249   0.651232
   0.88707   0.520733   0.656238
  0.886636   0.524918   0.659431
   0.88593      0.531   0.664011
  0.885455   0.534965   0.666968
  0.884673   0.540895   0.671333
   0.88382   0.546724   0.675555
   0.88317   0.550611   0.678323
  0.882191   0.556368   0.682381
  0.881418   0.560185   0.685011
  0.880173   0.565915   0.688897
  0.879289   0.569752    0.69146
  0.877764   0.575496   0.695195
   0.87668   0.579339   0.697649
  0.875007   0.585132   0.701296
  0.873173   0.591125   0.704985
  0.871846   0.595197   0.707437
  0.869729   0.601409   0.711099
  0.868202   0.605604   0.713508
  0.865627   0.612042   0.717076
  0.863698   0.616453   0.719426
  0.860518   0.623191   0.722873
  0.858098   0.627636   0.724993
  0.853992   0.634463   0.728038
   0.85087   0.639077    0.72992
  0.845719   0.646274   0.732666
  0.839957   0.653487   0.735081
   0.83576   0.658332   0.736511
  0.828739   0.665512   0.738211
  0.823777   0.670243   0.739121
  0.815841   0.677203   0.740085
  0.810307   0.681827   0.740536
  0.801696   0.688733   0.740934
  0.795658    0.69333   0.740978
  0.786305   0.700299   0.740814
  0.776422   0.707386   0.740298
  0.769612   0.712268    0.73983
  0.758894   0.719711   0.738783
  0.751354   0.724724   0.737799
  0.739479   0.732589   0.736018
  0.730909    0.73782   0.734348
  0.717435   0.745956   0.731418
  0.707933   0.751571     0.7291
   0.69292    0.76007   0.724943
  0.682173   0.765903   0.721617
   0.66512   0.774774   0.715772
  0.646745   0.784013   0.708794
  0.633724   0.790149   0.703344
  0.612867   0.799703   0.693929
  0.597901   0.806159   0.686585
   0.57407    0.81596   0.673968
  0.556851   0.822598   0.664127
  0.529345    0.83257   0.647202
  0.510078   0.839367   0.634547
  0.479132   0.849619   0.612725
  0.446225   0.859864   0.587545
  0.422986   0.866942   0.568566
  0.386429   0.877318   0.536533
  0.361317   0.884039   0.512976
  0.322104   0.894429    0.47364
  0.295205   0.901037    0.44471
  0.254629   0.911166   0.398027
  0.227631    0.91736   0.364754
  0.187803    0.92672   0.312315
  0.161656   0.932405    0.27554
  0.124932   0.939959    0.22055
 0.0917329   0.946477   0.167255
 0.0721581   0.950771   0.134136
 0.0471565   0.957857  0.0898877
 0.0336653   0.963347   0.065057
 0.0187147   0.973146  0.0367232
 0.0118328   0.979129  0.0233829
0.00514577    0.98882  0.0102383
0.00272194   0.992889   0.005429
0.00075936    0.99685 0.00151756
9.74692e-05          1 0.000194919
1.8894e-05          1 3.77874e-05
         0          0          0
