  0.905339   0.501686   0.645612
  0.902755   0.530609   0.668372
  0.901204   0.544294   0.678687
  0.899028   0.561067   0.690934
  0.897644     0.5705   0.697624
    0.8956   0.582581   0.705948
  0.894304   0.589836    0.71084
  0.892342   0.599901   0.717466
  0.891012   0.606006   0.721379
   0.88894   0.614371   0.726581
  0.886973   0.622236   0.731385
  0.885622   0.627231    0.73436
  0.883613   0.634338   0.738508
   0.88225   0.638838   0.741068
   0.88011   0.645512   0.744774
  0.878652   0.649689    0.74702
  0.876396   0.655617   0.750099
  0.874892    0.65952   0.752091
  0.872581   0.665063   0.754819
  0.871304   0.668578   0.756597
  0.869371   0.673825   0.759209
  0.867432    0.67895   0.761704
  0.866092   0.682305   0.763291
  0.864157   0.687209   0.765591
  0.862886   0.690469   0.767109
  0.860852   0.695372   0.769314
   0.85943    0.69851   0.770659
   0.85728   0.703158   0.772608
  0.855749   0.706232   0.773834
  0.853593   0.711072   0.775842
   0.85129    0.71566   0.777605
   0.84977   0.718845   0.778843
  0.847509   0.723569    0.78065
  0.845818   0.726696   0.781745
  0.843215   0.731371   0.783321
  0.841348   0.734395   0.784242
  0.838605    0.73916   0.785749
  0.836803   0.742377   0.786767
  0.833975   0.746771   0.787967
  0.832205   0.749764   0.788836
  0.829546   0.754052   0.789999
  0.826719   0.758232   0.790996
  0.824808   0.760905   0.791569
  0.821846   0.765308    0.79257
  0.819822   0.768264   0.793206
  0.816632   0.772788   0.794105
  0.814511   0.775719   0.794642
   0.81115   0.780163   0.795355
  0.808972    0.78321   0.795882
  0.805591   0.787731    0.79656
   0.80179   0.792258   0.796995
  0.799146   0.795243    0.79719
  0.795125   0.800034   0.797572
  0.792259   0.803222   0.797703
  0.787806   0.807651   0.797605
  0.784829   0.810875    0.79764
  0.780241   0.815454   0.797459
   0.77701   0.818576   0.797251
  0.772144   0.823419   0.796957
  0.768774   0.826623    0.79665
  0.763732   0.831717   0.796276
  0.758133   0.836815   0.795533
  0.754221   0.840371   0.794969
  0.748254     0.8456   0.793954
  0.744114   0.849078   0.793138
  0.737522   0.854339   0.791644
   0.73295   0.857907   0.790521
   0.72553   0.863418   0.788491
   0.72046   0.866954   0.786948
  0.712378   0.872597    0.78439
  0.703812   0.878031   0.781327
  0.697572   0.881767   0.778928
  0.687836   0.887509   0.775018
  0.681048   0.891455   0.772175
  0.669897    0.89726   0.767085
  0.661933   0.901122   0.763226
   0.64932   0.907228   0.756907
  0.640269   0.911121   0.752051
  0.625607   0.917179   0.743841
  0.615183   0.920928   0.737628
  0.597455   0.927016   0.726613
  0.577953   0.932865   0.713723
  0.563793   0.937048   0.704007
  0.540544   0.943204   0.687237
  0.523645   0.947214   0.674441
  0.495326   0.953287   0.651918
  0.474473     0.9571   0.634433
  0.439365    0.96259   0.603341
  0.413978   0.966188   0.579612
  0.371247   0.971267   0.537171
  0.322688   0.976551   0.485086
  0.286964   0.980345    0.44397
  0.230163   0.984968   0.373134
  0.190514   0.987878   0.319426
  0.130583   0.992055   0.230788
 0.0906826    0.99398   0.166202
 0.0386424   0.997199  0.0744016
 0.0135214   0.999247  0.0266817
0.000240543          1 0.000480969
