  0.906496   0.542252   0.678585
  0.904326   0.570077   0.699314
  0.902949   0.582466   0.708135
  0.900945   0.597669    0.71862
  0.899592   0.606315   0.724396
  0.897626    0.61724   0.731484
  0.896216   0.623949     0.7357
  0.894098   0.633247   0.741398
  0.892661   0.639038   0.744852
   0.89053   0.647526   0.749832
    0.8885   0.655363   0.754329
  0.887036   0.660292    0.75705
  0.884795   0.667238   0.760768
  0.883255   0.671699   0.763086
  0.881039   0.678363    0.76653
  0.879456   0.682483   0.768549
  0.877113   0.688462   0.771421
  0.875486   0.692322   0.773205
  0.872891   0.698041   0.775735
  0.871296   0.701825   0.777432
  0.869111   0.707352   0.779932
  0.866766   0.712651    0.78219
  0.865184   0.716255   0.783707
  0.862697   0.721765   0.785963
  0.861139   0.725253   0.787376
  0.858677   0.730695   0.789533
  0.856932   0.734183   0.790823
  0.854307   0.739452   0.792741
  0.852526   0.743049   0.794032
  0.849774    0.74829    0.79581
  0.846858   0.753434   0.797419
  0.844944   0.756912   0.798509
   0.84195   0.761985   0.799974
  0.839908   0.765228   0.800831
  0.836843   0.770264   0.802174
   0.83478   0.773503   0.802974
  0.831523   0.778234   0.803997
  0.829238   0.781428   0.804623
  0.825982   0.786179   0.805589
  0.823863   0.789286   0.806204
  0.820627    0.79408   0.807135
  0.817307   0.798807   0.807951
  0.815029   0.802041   0.808483
  0.811431   0.806558   0.808987
  0.809001   0.809696   0.809348
  0.805199   0.814199   0.809674
  0.802617   0.817281   0.809882
  0.798688   0.821923   0.810139
  0.795851   0.825121   0.810222
  0.791407   0.829739    0.81012
  0.787014   0.834596   0.810107
   0.78392   0.837531   0.809839
  0.779233   0.842215   0.809501
  0.775967   0.845384   0.809189
  0.770683   0.850249   0.808513
  0.767069   0.853504   0.807982
  0.761575   0.858041   0.806935
  0.757781   0.861122   0.806153
  0.752028   0.866067   0.805029
  0.747996   0.869159   0.804038
  0.741723   0.873862   0.802388
  0.735155     0.8786   0.800502
  0.730747   0.881845   0.799217
  0.723714   0.886783   0.796993
  0.718806   0.890045   0.795313
  0.710916   0.894884   0.792362
  0.705449   0.897883   0.790118
  0.697121    0.90273   0.786713
   0.69119   0.906207   0.784227
    0.6817   0.911069   0.779869
  0.671567   0.916016   0.774972
  0.664395   0.919287   0.771329
  0.653396   0.924398   0.765623
  0.645529   0.927521   0.761249
  0.633034   0.932279   0.754053
  0.624362   0.935438    0.74888
  0.610613   0.940128   0.740361
  0.600723    0.94315   0.733962
  0.584966   0.947805    0.72344
  0.573749   0.951152   0.715748
  0.555485   0.955426   0.702523
  0.535781   0.959751    0.68767
  0.520696   0.962316   0.675752
  0.496838   0.966278   0.656248
  0.479128   0.968546   0.641108
  0.450156   0.972165   0.615369
   0.42934   0.975182   0.596195
  0.396249    0.97934   0.564213
  0.371325   0.981903   0.538867
  0.329846   0.985407   0.494251
  0.282979   0.988739   0.440023
  0.248768   0.990662   0.397675
  0.194505   0.992786   0.325282
  0.156347   0.994964   0.270231
 0.0973475   0.998313   0.177397
 0.0611429   0.998885   0.115232
 0.0187486   0.999724  0.0368069
0.00433271          1 0.00862803
         0          0          0
