  0.904079   0.536099   0.673077
  0.900829   0.569073   0.697512
  0.899004   0.583427   0.707626
  0.896445   0.600334   0.719099
  0.894892   0.609756   0.725307
  0.892485   0.621772    0.73293
  0.890933   0.628646   0.737154
  0.888695   0.638051   0.742799
  0.887283   0.643857   0.746219
  0.885118   0.652101   0.750949
  0.883037   0.659959   0.755372
  0.881574   0.664877   0.758043
  0.879402   0.671743   0.761672
  0.877945   0.676032   0.763871
   0.87549   0.682082   0.766778
  0.873946   0.685932   0.768608
  0.871539    0.69159   0.771206
  0.869974    0.69507   0.772749
  0.867426   0.700359   0.774991
  0.865981   0.703734   0.776473
  0.863977   0.708728    0.77869
  0.861907   0.713459   0.780689
  0.860546   0.716664   0.782042
  0.858343   0.721275   0.783862
  0.856976   0.724307   0.785076
  0.854806   0.728963   0.786885
  0.853372   0.731809   0.787929
  0.851126   0.736268   0.789542
  0.849561   0.739238   0.790569
  0.847245   0.743583   0.792037
  0.844787   0.747829   0.793356
  0.843184   0.750641   0.794226
  0.840517    0.75495   0.795439
  0.838696   0.757713   0.796151
  0.835995   0.762067   0.797321
  0.834164    0.76522   0.798206
  0.831333   0.769705   0.799333
  0.829394   0.772825   0.800111
  0.826582   0.777239   0.801151
  0.824778   0.779905   0.801714
   0.82206   0.784145   0.802655
   0.81928   0.788244   0.803462
  0.817353   0.790913   0.803916
  0.814309   0.794994   0.804535
  0.812245   0.797766    0.80494
  0.809026   0.802082   0.805539
  0.806812   0.804904   0.805857
  0.803358    0.80906   0.806199
  0.800972   0.811811   0.806355
  0.797366   0.816047   0.806598
  0.793439   0.820158   0.806577
  0.790831   0.822928   0.806561
  0.786607   0.826986   0.806291
  0.783708   0.829731   0.806063
  0.779213    0.83395   0.805653
   0.776135   0.836754   0.805305
    0.77141   0.840958   0.804684
   0.768221   0.843727   0.804205
   0.763375   0.847882   0.803412
   0.760136   0.850588   0.802822
    0.75511   0.854869   0.801899
   0.749901   0.859091   0.800791
   0.746214   0.862202   0.800026
   0.740452   0.866676   0.798607
   0.736475   0.869663   0.797547
   0.730276   0.874581   0.795941
   0.725863    0.87768   0.794585
   0.718843   0.882312   0.792233
   0.713941    0.88549   0.790516
   0.706065   0.890411   0.787595
   0.697658   0.895138   0.784156
   0.691641   0.898301    0.78154
   0.682184   0.903478   0.777389
   0.675558   0.907182   0.774422
   0.665256   0.912575   0.769532
   0.657838    0.91615   0.765798
   0.645714   0.921566   0.759364
    0.63709   0.925118   0.754551
   0.623399   0.930535   0.746614
   0.613529   0.933928   0.740559
   0.597202   0.939305   0.730169
   0.579195   0.944793   0.718141
   0.565878   0.948185   0.708764
   0.543614    0.95296   0.692304
   0.527436   0.956103   0.679838
   0.500645   0.960427   0.658192
   0.480482   0.963188   0.641136
   0.446876   0.967029   0.611274
   0.422002   0.969853   0.588107
   0.381265   0.974591   0.548108
   0.334587   0.978616   0.498678
   0.299841   0.980945   0.459292
   0.242204   0.984835   0.388791
   0.200756   0.986956   0.333645
   0.136656   0.989329   0.240142
  0.0938694   0.991881   0.171508
   0.038361   0.997311  0.0738802
  0.0125468          1  0.0247826
 0.000133671          1 0.000267306
