 0.903062   0.483545   0.629841
 0.901029   0.514359   0.654876
 0.899656   0.528908   0.666172
 0.897572   0.545891   0.678891
 0.896189   0.555745   0.686054
 0.894072    0.56839   0.694967
 0.892575   0.575861   0.700063
 0.890423   0.585817   0.706694
 0.889029   0.592042    0.71076
 0.886935   0.600878   0.716407
 0.884927   0.608968   0.721459
 0.883536   0.614004   0.724515
 0.881425   0.621163   0.728755
 0.879989   0.625675   0.731355
 0.877892   0.632252   0.735094
 0.876433   0.636334    0.73733
 0.874198   0.642371   0.740565
 0.872673    0.64624   0.742579
 0.870501   0.651923   0.745521
 0.869059   0.655502   0.747323
 0.867075   0.660977   0.750127
 0.865034   0.666062   0.752619
 0.863693   0.669513   0.754307
 0.861638   0.674624   0.756748
 0.860212    0.67793    0.75827
 0.858059   0.682746   0.760429
 0.856555   0.685997   0.761847
 0.854369   0.690828   0.763944
  0.85285   0.694078   0.765316
 0.850502   0.698951   0.767315
 0.848171   0.703738   0.769233
 0.846442   0.706956   0.770437
 0.843854   0.711679   0.772151
 0.842125    0.71476   0.773233
 0.839381   0.719415   0.774782
 0.837498   0.722451   0.775732
 0.834671   0.727343   0.777319
 0.832767   0.730524   0.778302
 0.829986   0.735517   0.779901
 0.828214   0.738544   0.780813
 0.825376   0.743036   0.782045
 0.822343   0.747601   0.783193
 0.820284    0.75074   0.783973
  0.81704   0.755339   0.784979
 0.814893    0.75841   0.785638
 0.811491   0.762914   0.786453
 0.809155   0.766089   0.787033
  0.80535   0.770842   0.787718
 0.802786   0.774097   0.788181
 0.798682   0.778877   0.788655
 0.794372   0.783808   0.789055
 0.791304   0.787003   0.789148
 0.786585   0.792046   0.789306
 0.783317   0.795479   0.789351
 0.778384   0.800603   0.789337
 0.774855   0.804163   0.789237
 0.769685   0.809485   0.789083
 0.766083   0.813108   0.788895
 0.760688   0.818465    0.78852
 0.757018   0.821871   0.788112
 0.751206   0.827044   0.787303
 0.744978   0.832095    0.78613
 0.740777   0.835576   0.785326
 0.734082   0.840868   0.783855
 0.729429    0.84428   0.782664
  0.72202   0.849624   0.780642
 0.716938   0.853268   0.779185
 0.709191   0.858705   0.776819
 0.703544   0.862699   0.775035
 0.694694   0.868194   0.771814
 0.685146   0.873942   0.768113
 0.678348   0.877775   0.765283
 0.667745   0.883625   0.760665
 0.660208   0.887385   0.757122
 0.648175   0.893542   0.751333
 0.639776    0.89785   0.747156
 0.626356   0.903913   0.739963
 0.616711   0.908071   0.734554
 0.601039   0.913959   0.725183
 0.589907   0.918233   0.718331
 0.571113   0.923995    0.70591
 0.550765   0.929806   0.691766
 0.535961   0.933793   0.681034
 0.512122   0.939642   0.662933
 0.494453   0.943611   0.648888
 0.465561   0.949342   0.624744
 0.444198   0.952993   0.605955
 0.409278   0.957698   0.573477
 0.383555   0.960974   0.548276
 0.341324    0.96635   0.504465
 0.295061   0.972217   0.452723
 0.261882   0.976459   0.412999
 0.208963    0.98319   0.344672
 0.172079   0.987359    0.29308
 0.117478    0.99205   0.210079
0.0820221   0.995766    0.15156
0.0369671   0.999263  0.0712966
0.0150257          1  0.0296066
0.0007481          1 0.00149508
