  0.907451   0.482737   0.630217
  0.904929   0.514356   0.655901
  0.903386   0.529492   0.667657
  0.901015   0.547771   0.681329
   0.89943   0.557808   0.688576
  0.897212    0.57092   0.697807
  0.895689   0.578611   0.703053
  0.893474   0.589105   0.710047
   0.89203   0.595493   0.714204
  0.889887   0.604443   0.719902
  0.887725   0.612921   0.725161
  0.886316   0.618334    0.72846
  0.884148    0.62581   0.732879
  0.882711   0.630634   0.735679
  0.880496   0.637495   0.739545
  0.878875    0.64192   0.741938
  0.876603   0.648271   0.745342
  0.874976   0.652343   0.747433
   0.87266   0.658036   0.750302
  0.871214   0.661874   0.752252
  0.869079   0.667382   0.754992
  0.866892   0.672864   0.757653
  0.865491   0.676492   0.759409
  0.863349   0.681672   0.761829
   0.86189   0.685189   0.763448
  0.859678   0.690478   0.765844
  0.858174   0.693803   0.767284
  0.855851   0.698844   0.769419
  0.854307   0.702196   0.770819
   0.85193   0.706971   0.772711
  0.849412   0.711565   0.774402
  0.847648   0.714754   0.775549
  0.844978   0.719343   0.777115
  0.843176   0.722524   0.778201
  0.840389   0.727406   0.779826
   0.83849   0.730667   0.780874
   0.83553   0.735656   0.782419
    0.8335   0.738754   0.783272
  0.830671   0.743248   0.784531
  0.828844   0.746246   0.785379
  0.825856   0.750789   0.786536
  0.822806    0.75516   0.787533
  0.820671    0.75814   0.788167
  0.817354   0.762865    0.78917
  0.815119   0.765944   0.789767
  0.811824   0.770747   0.790752
   0.80939     0.7738   0.791195
  0.805608    0.77862   0.791884
  0.802923   0.781701    0.79217
  0.798709   0.786472   0.792543
  0.794342   0.791223    0.79278
  0.791299   0.794353   0.792823
  0.786699   0.799374   0.792986
  0.783464   0.802598   0.792915
   0.77848   0.807721   0.792831
  0.775059   0.811082   0.792661
  0.769786   0.816126   0.792279
  0.766143   0.819717   0.792025
   0.76057    0.82467   0.791324
  0.756734   0.828133   0.790825
  0.750905   0.833235   0.789931
  0.744755   0.838486   0.788846
  0.740506   0.842038   0.788015
  0.733898   0.847422   0.786585
  0.729161   0.850891   0.785336
  0.721931   0.856214    0.78336
  0.716562   0.859712   0.781637
  0.708503   0.865438   0.779147
  0.702664   0.869458   0.777213
  0.693497   0.875336   0.773878
  0.683699   0.881115   0.769954
  0.676612   0.885172   0.766967
  0.665276   0.891219   0.761848
  0.657479    0.89536   0.758199
   0.64507    0.90167   0.752086
   0.63647   0.905787   0.747614
  0.622242   0.911878   0.739719
  0.612123   0.915948   0.733831
  0.595623   0.921989   0.723713
  0.584056   0.925622   0.716199
  0.565056   0.931646   0.703456
  0.543748   0.937766   0.688361
  0.528453   0.941612   0.676974
  0.503031   0.947253    0.65711
  0.484228   0.950969   0.641704
  0.453854   0.956171   0.615538
  0.431556    0.95987   0.595415
  0.395274   0.964984   0.560825
  0.369153    0.96799   0.534478
  0.325551   0.972889   0.487855
  0.277365   0.977973   0.432163
  0.243342   0.981333   0.389981
  0.190326   0.986284   0.319079
  0.154404   0.989615    0.26713
  0.100722    0.99482   0.182924
 0.0674758   0.996387   0.126392
 0.0269264   0.997746  0.0524376
0.00952463   0.999642  0.0188695
0.000254269          1 0.000508409
