   0.902498   0.519036   0.659047
   0.899227   0.550755   0.683117
   0.897424   0.565448   0.693768
   0.894846   0.582482   0.705641
   0.893112     0.5918   0.711885
   0.890749   0.603604   0.719588
    0.88922   0.610566   0.724006
   0.887099   0.620214   0.730029
   0.885657   0.626119    0.73361
   0.883511   0.634266   0.738423
   0.881278   0.641803   0.742714
   0.879849   0.646581   0.745391
   0.877645   0.653281   0.749022
   0.876204   0.657577   0.751309
    0.87402   0.663729   0.754496
   0.872628   0.667711   0.756539
   0.870543   0.673544   0.759477
   0.869056   0.677149   0.761193
   0.866864   0.682778   0.763887
    0.86556   0.686248   0.765544
   0.863684   0.691468    0.76804
   0.861793   0.696538   0.770403
   0.860452   0.699727   0.771811
   0.858359   0.704616   0.773926
   0.857003   0.707851   0.775319
   0.854872    0.71264   0.777303
   0.853485   0.715859   0.778638
   0.851316    0.72057   0.780505
    0.84987   0.723615   0.781677
   0.847492    0.72812   0.783284
   0.845206   0.732335   0.784732
   0.843611   0.735396   0.785795
   0.841079   0.739675   0.787125
   0.839286   0.742557   0.787964
   0.836655   0.747343   0.789481
   0.834881   0.750574   0.790486
   0.831895   0.755112   0.791646
   0.829932   0.757987   0.792329
   0.827117   0.762136   0.793298
   0.825242   0.764724   0.793831
   0.822453   0.768991   0.794824
    0.81958   0.773244   0.795738
   0.817572   0.776123   0.796308
   0.814409   0.780366   0.797024
   0.812271   0.783291   0.797518
   0.809045   0.787651   0.798205
   0.806787   0.790593   0.798608
   0.803298   0.794944   0.799099
   0.800869   0.797839   0.799351
   0.797148   0.802377   0.799754
   0.793234   0.806928   0.800022
   0.790563   0.810144   0.800234
   0.786425   0.814725   0.800325
   0.783478   0.818081   0.800406
   0.778812   0.822946   0.800271
   0.775516   0.826134   0.800025
   0.770503   0.830849   0.799539
   0.767134   0.833944   0.799145
   0.762109   0.838433   0.798451
   0.758713   0.841503   0.797966
   0.753491   0.846133   0.797129
   0.747861    0.85084   0.796034
   0.744145   0.854027   0.795309
   0.738147   0.858962   0.793985
   0.733968   0.862066   0.792876
   0.727142    0.86703   0.790948
   0.722451   0.870409   0.789558
   0.715246   0.875545   0.787319
   0.710075   0.878953    0.78554
   0.702035   0.884102   0.782619
   0.693485   0.889208   0.779245
   0.687247   0.892731   0.776627
   0.677507   0.897997   0.772323
   0.670375   0.901815    0.76906
    0.65886   0.907263   0.763362
   0.650645   0.910983   0.759114
   0.637787   0.916449   0.752138
   0.628653   0.919888   0.746884
   0.613655   0.925476   0.737979
   0.602637    0.92914   0.731091
   0.584582   0.934716   0.719303
   0.564755   0.940373   0.705695
   0.550165   0.944114    0.69521
   0.526019   0.949212   0.676916
   0.508634    0.95286   0.663235
   0.480158   0.958547   0.639817
   0.458551   0.961946   0.621052
   0.423094   0.966506   0.588548
   0.397166   0.969781    0.56354
   0.354247   0.974362   0.519589
   0.305318   0.978713   0.465438
   0.269949   0.981612   0.423448
    0.21211   0.986563   0.349153
   0.172423   0.989371   0.293666
    0.11443   0.992031   0.205191
  0.0774331   0.993988   0.143674
  0.0312947   0.995865  0.0606825
  0.0107378   0.996079  0.0212466
 0.000240543   0.993421 0.000480969
