  0.909692   0.463933   0.614485
  0.907832   0.492706   0.638746
  0.906534   0.506755   0.650102
    0.9045   0.524063   0.663625
  0.903127   0.533801   0.671001
  0.901146   0.546872   0.680671
  0.899811   0.554628   0.686258
  0.897691   0.564908   0.693441
   0.89634   0.571242   0.697783
  0.894268   0.579988   0.703629
  0.892261   0.588034   0.708886
  0.890975   0.593114   0.712154
  0.888942   0.600448   0.716755
    0.8876   0.605271   0.719738
  0.885574   0.612025   0.723816
  0.884138   0.616304   0.726316
  0.881981   0.622641   0.729961
  0.880437   0.626731   0.732231
  0.878284   0.632659   0.735507
  0.877052   0.636504   0.737663
  0.875041   0.642251   0.740788
  0.873031   0.647665   0.743649
  0.871623   0.651242   0.745486
  0.869472   0.656501   0.748125
  0.868004     0.6599    0.74978
  0.865682   0.664739   0.752019
  0.864149   0.668036   0.753541
  0.861692   0.673054    0.75578
  0.860134   0.676277   0.757205
   0.85779   0.681143   0.759328
  0.855326   0.686082   0.761413
  0.853696   0.689352   0.762772
  0.851142   0.694195   0.764698
  0.849285    0.69736   0.765861
  0.846477   0.702386   0.767729
  0.844466   0.705799   0.768931
  0.841526   0.711068   0.770816
   0.83959   0.714466   0.771991
  0.836799   0.719348   0.773641
  0.834885   0.722545   0.774663
  0.831963   0.727523   0.776246
  0.828868   0.732392   0.777649
  0.826681   0.735724   0.778555
  0.823358   0.740889    0.77995
  0.821046   0.744218   0.780746
  0.817471   0.749318   0.781912
  0.814964    0.75274   0.782617
  0.811104   0.757824   0.783559
  0.808393   0.761248   0.784112
  0.804034   0.766589   0.784865
  0.799681    0.77183   0.785508
  0.796655   0.775549    0.78596
  0.791773   0.781188   0.786445
  0.788446   0.784834   0.786636
  0.783307   0.790277   0.786777
  0.779787   0.793969   0.786814
  0.774292   0.799555   0.786721
  0.770546   0.803314   0.786589
  0.764978   0.808858   0.786306
  0.761101   0.812511   0.785966
  0.754983   0.818108   0.785279
  0.748529   0.823791   0.784359
  0.743772   0.827553   0.783429
  0.736346   0.833273   0.781817
  0.731344   0.837237   0.780716
  0.723464    0.84307   0.778701
  0.717921   0.847005   0.777139
  0.709198   0.853019   0.774488
  0.703036   0.857118   0.772468
  0.693391   0.863135   0.769007
  0.683138   0.869462    0.76512
  0.676027   0.873439   0.762158
   0.66448   0.879742   0.757108
  0.656241   0.883901   0.753245
  0.643319   0.890456   0.746977
  0.634209   0.895077   0.742394
  0.619331   0.901402   0.734207
   0.60882   0.905712   0.728166
  0.591761   0.912474   0.717929
  0.579457   0.916826   0.710108
  0.559672   0.923198   0.696876
  0.537526   0.929758   0.681216
  0.521644   0.933885   0.669386
  0.495233   0.940225   0.648756
  0.476478    0.94442   0.633395
  0.445921   0.950487   0.607047
  0.423367    0.95435   0.586536
  0.386967   0.960168    0.55162
   0.36055   0.964057   0.524821
  0.318316   0.970365   0.479378
  0.271302   0.976459   0.424625
  0.237383   0.980335   0.382214
  0.183726   0.984729   0.309674
  0.146912    0.98797   0.255788
  0.093927   0.992237   0.171609
 0.0626509   0.994748   0.117878
 0.0247242    0.99898  0.0482542
0.00886314          1  0.0175706
0.00021505          1 0.000430008
